%fuel properties E10
Hlv=41.184e6;%MJ/kg E10fuel
rho_l=0.746;%kg/l #10
m_fuel=10*3.78541*0.746;%10 gallons, 0.77kg/l E10 fuel

