%Willans model for motor Bosch IMG

e00=0.749;
e01=0.0036;
e02=1.6711e-6;
e03=-4.7293e-7;
e04=2.6756e-9;

ploss0=13.5429;
ploss1=-2.1246;
ploss2=0.1051;
ploss3=-3.6401e-4;
ploss4=-2.8643e-6;